Group	1179T1	1460T1	1628T1	1856T1	2084T1	2276T1	2381T1	2580T1	1181T2	1463T2	1632T2	1862T2	2085T2	2283T2	2380T2	2583T2	1184T3	1467T3	1636T3	1863T3	2072T3	2289T3	2377T3	2597T3
Achillea_millefolium	0.666666667	1.25	0.583333333	0.5	0	0	0	0	0.583333333	1.2	4.666666667	0.125	0	0	0	0	0.333333333	2	0.666666667	0.416666667	0	0	0	0
Achillea_atrata	0	0	0	0	0	0	0	0	0	0	0	0	0	0.25	0	0	0	0	0	0	0	0.333333333	0	0
Aconitum_lycoctonum	0	0	0	0	0	0	0	0	0	0	0	0	0	0.016666667	0	0	0	0	0	0	0	0	0	0
Aconitum_tauricum	0	0	0	0	0	1	0	0	0	0	0	0	0.083333333	0	0	0	0	0	0	0	0	0	0	0
Adenostyles_alliariae	0	0	0	0	0	0	0	0	0	0	0	0	0	0	0	0	0	0	0	0	0	0.166666667	0	0
Ajuga_reptans	0.083333333	0	0	0	0	0	0	0	0.1	0	0	0	0	0	0	0	0	0	0	0	0	0	0	0
Alchemilla_coriacea	0	0	0	0	0	0	0	0	0	0	0	0	4.666666667	0	0	0	0	0	0	0	0	0	0	0
Alchemilla_fissa	0	0	0	0	0.125	0	0	0	0	0	0	0	0.166666667	1.5	0	0	0	0	0	0	0	1.666666667	0	0
Alchemilla_glabra	0	0	0	0	0	0	0	0	0	0	0	0	0.333333333	0	0	0	0	0	0	0	0	0	0	0
Alchemilla_xanthochlora	4.5	6.5	7.416666667	0.75	1	0.166666667	0.125	0	3	5.6	11.25	0.25	0	1	0	0	5.75	6	8.75	7.833333333	1	0.833333333	0	0
Androsace_obtusifolia	0	0	0	0	0	0	0.125	0	0	0	0	0	0	0	0	0	0	0	0	0	0	0	0	0
Antennaria_sp.	0	0	0	0	0	0	0	0	0	0	0	0	0	0	0.025	0	0	0	0	0	0	0	0.025	0
Arabis_alpina	0	0	0	0	0	0	0	0	0	0	0	0	0	0	0	0.025	0	0	0	0	0	2.333333333	0	0
Arabis_soyeri	0	0	0	0	0	0	0	0	0	0	0	0	0	0	0	0	0	0	0	0	0	0.1	0	0
Plocama_calabrica	0	0	0	0	0	0	0	0	0	0	0	0	0	0	0	0	0	0	0	0	0	0	0	0.125
Astragalus_alpinus	0	0	0	0	0	0	0	4.5	0	0	0	0	0	0	0	1.5	0	0	0	0	0	0	0	0
Astragalus_norvegicus	0	0	0	0	0	0	0	0	0	0	0	0	0	0	0	0	0	0	0	0	0	0.333333333	0	0
Bartsia_alpina	0	0	0	0	0.375	0	2.125	0	0	0	0	0	0	0.666666667	0.5	0	0	0	0	0	0	0.416666667	1.75	0
Aster_bellidiastrum	0.1	0.025	0	0.083333333	4.275	0	0.125	0	1.25	0	0.083333333	0	0	0.5	0	0	0.166666667	0.5	0.25	0.083333333	0	0.666666667	1.25	0
Bellis_perennis	0.083333333	0	0	0.083333333	0	0	0	0	0	0.62	0	0	0	0	0	0	0	0	0	0	0	0	0	0
Calluna_vulgaris	0.083333333	0.375	0	0.583333333	0	0	0	0.125	11.58333333	0.2	0	0.25	0.5	0	0	0	1.666666667	0	0.666666667	0.333333333	5.333333333	0	0	0
Caltha_palustris	0	0	0	0	0	0	0	0	0	0	0	0	8.333333333	0	0	0	0	0	0	0	0	0	0	0
Campanula_barbata	0.833333333	0	0	0	0.525	0.35	0	0	0	0	0	0	0.25	0	0	0	0	0	0	0	0	0	0	0
Campanula_rotundifolia	0.083333333	0.375	0.083333333	0.35	0	0	0	0	0.333333333	0	0.166666667	0.15	0	0	0	0	0.183333333	0	0.266666667	0.166666667	0	0	0	0
Campanula_scheuchzeri	0	0	0	0.016666667	0.25	1.083333333	0.4	0	0	0.02	0	0.05	0.166666667	0.5	0.125	0	0	0	0	0.183333333	0.083333333	0.5	0.375	0
Cardamine_amara	0	0	0	0	0	0	0	0	0	0	0	0	0.25	0	0	0	0	0	0	0	0	0	0	0
Carduus_defloratus	0	0	0	0	0.025	0	0	0	0	0	0	0	0	0	0	0	0	0	0	0	0	0	0	0
Carlina_acaulis	0	0.25	0	0	0	0	0	0	0.083333333	0.1	0	0	0	0	0	0	0.083333333	0	0	0	0	0	0	0
Carum_carvi	0.166666667	0.875	0	0	0.375	0	0	0	0	0.9	0	0.25	0.5	0	0	0	0	0.5	0	0.75	0.416666667	0	0	0
Centaurea_jacea	0.166666667	0	0	0	0	0	0	0	0.333333333	0	0	0	0	0	0	0	0.083333333	0	0	0	0	0	0	0
Centaurea_scabiosa	0.166666667	0	0	0	0	0	0	0	0	0	0	0	0	0	0	0	0	0	0	0	0	0	0	0
Cerastium_fontanum	0.033333333	0.15	0	0.25	0	0	0.25	0	0.1	0.02	0	0.375	0.016666667	0	0	0	0.083333333	0.05	0.016666667	0.083333333	0	0.1	0	0
Cerastium_latifolium	0	0	0	0	0	0	0	0	0	0	0	0	0	0	0	0	0	0	0	0	0	0	0	0.125
Cerastium_sp.	0	0	0	0	0	0	0	0	0	0	0.083333333	0	0	0	0	0	0	0	0	0	0	0	0	0
Cerastium_uniflorum	0	0	0	0	0	0	0	0.5	0	0	0	0	0	0	0	0.125	0	0	0	0	0	0	0	0.25
Chrysosplenium_macrophyllum	0	0	0.833333333	0	0	0	0	0	0	0	0	0	0	0	0	0	0	0	0	0	0	0	0	0
Cirsium_acaule	0	0	0	0	0	0	0	0	0.083333333	0	0	0	0	0	0	0	0	0	0	0	0	0	0	0
Cirsium_palustre	0	0	0	0	0	0	0	0	0	0	0	0	0	0.166666667	0	0	0	0	0	0	0	0	0	0
Cirsium_spinosissimum	0	0	0	0	0	0.083333333	0	0	0	0	0	0	0.166666667	1.583333333	0	0	0	0	0	0	0	0	0	0
Dactylorhiza_viridis	0	0	0	0	0	0	0.05	0	0	0	0	0	0	0.016666667	0	0	0	0	0	0	0	0	0.05	0
Comastoma_nanum	0	0	0	0	0	0	0	0.15	0	0	0	0	0	0	0	0.125	0	0	0	0	0	0	0	0.375
Crepis_aurea	0.416666667	0	0	0.166666667	0	0.166666667	0.5	0	0.166666667	0	0	0	0	0.083333333	0	0	0	0	0	0.333333333	0	0.083333333	0.275	0
Crepis_conyzifolia	0	0	0	0	0	0	0	0	0	0.1	0	0	0	0	0	0	0	0.5	0	0	0	0	0	0
Crocus_caeruleus	0.166666667	0	0.25	0.166666667	0	0	0	0	0.25	0.5	0.5	0	0	0	0	0	0.083333333	0	0.25	0	0	0	0	0
Dactylorhiza_maculata	0	0	0	0	0	0	0	0	0	0.1	0	0	0	0	0	0	0	0	0	0	0	0	0	0
Dactylorhiza_sp.	0	0	0	0	0	0	0	0	0.083333333	0	0	0	0	0	0	0	0	0	0	0	0	0	0	0
Dianthus_glacialis	0	0	0	0	0	0	0	0	0	0	0	0	0	0	0.125	0	0	0	0	0	0	0.083333333	0.125	0
Doronicum_glaciale	0	0	0	0	0	0	0.25	2.625	0	0	0	0	0	1.083333333	0	3.5	0	0	0	0	0	1.416666667	0.25	0.625
Dryas_octopetala	0	0	0	0	0	0	0.5	0	0	0	0	0	0	0.166666667	9.875	0	0	0	0	0	0	0	13	0
Epilobium_anagallidifolium	0	0	0	0	0	0.333333333	0	0	0	0	0	0	0	0.083333333	0	0	0	0	0	0	0	0	0	0
Epilobium_angustifolium	0	0	0	0	0	0	0	0	0	0	0	0	0.166666667	0	0	0	0	0	0	0	0	0	0	0
Erigeron_uniflorus	0	0	0	0	0	0	0.025	0	0	0	0	0	0	0	0	0	0	0	0	0	0	0	0	0.5
Euphrasia_minima	0	0	0	0.083333333	0.125	0.25	0.125	0.125	0	0	0	0.125	0.1	0.25	0.125	0.125	0	0	0	0.166666667	0.083333333	0.333333333	0.25	0.25
Euphrasia_officinalis	0	0	0	0	0	0	0	0	0	0	0.25	0	0	0	0	0	0	0	0.083333333	0	0	0	0	0
Euphrasia_rostkoviana	0	0	0	0	0.025	0	0	0	0	0	0.083333333	0	0	0	0	0	0	0	0	0	0	0	0	0
Ficaria_verna	0	0	0.166666667	0	0	0	0	0	0	0	0	0	0	0	0	0	0	0	0	0	0	0	0	0
Fragaria_vesca	0	0	0	0	0	0	0	0	0.166666667	0	0	0	0	0	0	0	0	0	0	0	0	0	0	0
Galium_album	0	0	0	0	0	0.166666667	0	0	0	0	0	0	0	0	0	0	0	0	0	0	0	0	0	0
Galium_anisophyllon	0	0	0	0	0	0.083333333	0	0	0	0	0	0	0	0	0	0	0	0	0.083333333	0	0	0.25	0	0
Galium_mollugo	0.166666667	0.25	0	0	0	0	0	0	0.583333333	0.9	0	0	0	0	0	0	0.583333333	0.5	0.083333333	0	0	0	0	0
Galium_pumilum	0	0.125	0	0	0	0.166666667	0	0	0	0.1	0.25	0	0	0	0	0	0	0	0.083333333	0	0	0	0	0
Gentiana_acaulis	0	0	0	0.333333333	0.375	0.25	0	0	0	0	0	0	0.166666667	0	0	0	0	0	0	0	0.666666667	0	0	0
Gentianella_germanica	0	0	0	0	0	0.083333333	0	0	0	0	0	0	0	0	0	0	0	0	0	0	0	0	0	0
Gentiana_nivalis	0	0	0	0	0	0.6	0	0	0	0	0	0	0	0.016666667	0	0	0	0	0	0	0	0.083333333	0	0
Gentiana_verna	0	0	0	0	0	0.083333333	0.25	0.25	0	0	0.016666667	0	0	0.25	0.15	0.125	0	0	0	0	0.083333333	0	0	0
Geranium_sylvaticum	0	0	0	0	0	0	0	0	0	0.32	0	0	0	0	0	0	0	0.5	0.1	0	0	0	0	0
Geum_montanum	0	0	0	1	0	5.5	0	0	0	0	0	4.5	3.75	0	0	0	0	0	0	1.666666667	4.75	0	0	0
Geum_rivale	0	0	0	0	0	0	0	0	0	0	0.083333333	0	0	0	0	0	0	0	0.333333333	0	0	0	0	0
Helianthemum_oelandicum	0	0	0	0	0	0	0	0	0	0	0.016666667	0	0	0	0	0	0	0	0	0	0	0	0	0
Helianthemum_nummularium	0	0	0	0	0	0	0	0	0	0.1	0	0	0	0	0	0	0	0	0	0	0	0	0	0
Hieracium_alpinum	0	0	0	1.333333333	0.25	0.166666667	0	0	0	0	0	0.125	0.083333333	0	0	0	0	0	0	0	0.25	0	0	0
Hieracium_hoppeanum	0	0	0	0	0	0	0	0	0.666666667	0	0	0	0	0	0	0	0.083333333	0	0.25	0	0	0	0	0
Pilosella_lactucella	0	0.25	0	0.083333333	0	0	0	0	0.25	0.1	0	0	0	0	0	0	0.166666667	0	0.5	0	0	0	0	0
Hieracium_murorum	0	0	0	0.166666667	0	0	0	0	0	0	0	0	0	0	0	0	0	0	0.016666667	0.25	0	0	0	0
Pilosella_officinarum	0	0.5	0	0.166666667	0	0	0	0	0.333333333	0.1	0	0	0	0	0	0	0.166666667	0.25	0	0	0	0	0	0
Homogyne_alpina	0	0.125	0	2	8.5	0	0.625	0	0.75	0.22	0.25	1.5	0.916666667	1.583333333	0.125	0	0.083333333	0.5	0.5	1.666666667	4.25	0.833333333	4.25	0
Hypericum_maculatum	0	4.625	0	0	0	0	0	0	0.25	1.5	0	0	0	0	0	0	1	0.75	0.333333333	0.25	0.183333333	0	0	0
Leontodon_hispidus	6.416666667	6.25	0.25	2.5	9	6.083333333	3.75	0	1.083333333	1.6	0.416666667	1.5	0.75	1	0	0	2.166666667	8.75	2.333333333	4.416666667	1.75	0.833333333	0.5	0
Leucanthemopsis_alpina	0	0	0	0	0	0	0	0	0	0	0	0	0	0	0.125	0	0	0	0	0	0	0	0	0
Leucanthemum_vulgare	0	2.25	0	0	0	0	0	0	0.583333333	0.4	0	0	0	0	0	0	0.25	1.25	0	0	0	0	0	0
Ligusticum_mutellina	0	0.025	0	0.25	0.25	1.5	0.375	0	0	0	0	0.125	0.166666667	0.666666667	0.125	0	0	0	0	0.416666667	0.166666667	0.25	0.25	0
Linaria_alpina	0	0	0	0	0	0	0	0	0	0	0	0	0	0	0	0	0	0	0	0	0	0	0	0.25
Gagea_serotina	0	0	0	0	0	0	0	0	0	0	0	0	0	0	0	0	0	0	0	0	0	0	0.125	0
Loiseleuria_procumbens	0	0	0	0.166666667	9.25	0.333333333	0	0	0	0	0	0	0.5	0	15	0	0	0	0	0	0	0	4.5	0
Lotus_corniculatus	0.75	0	0.083333333	0	0	0	0	0	0.333333333	0.3	0.083333333	0	0	0	0	0	0.25	0.5	0.083333333	0	0	0	0	0
Minuartia_rupestris	0	0	0	0	0	0	0	0.25	0	0	0	0	0	0	0	0.125	0	0	0	0	0	0	0	0.125
Minuartia_sedoides	0	0	0	0	0	0	0.375	0	0	0	0	0	0	0	1.5	0	0	0	0	0	0	0	0.125	0.25
Moehringia_ciliata	0	0	0	0	0	0	0	0.25	0	0	0	0	0	0	0	0.375	0	0	0	0	0	0	0	0.875
Myosotis_alpestris	0	0	0	0	0	1.5	0.25	2.75	0	0	0	0	0	0.25	0	0	0	0	0	0	0.083333333	1	0	0
Myosotis_sylvatica	0	0	0.166666667	0	0	0	0	0	0	0	0	0	0	0	0	0	0	0	0	0	0	0	0	0
Orchis_mascula	0	0	0	0.016666667	0	0	0	0	0	0	0	0	0	0	0	0	0	0	0	0	0	0	0	0
Oxytropis_campestris	0	0	0	0	0	0	0	0	0	0	0	0	0	0.083333333	0	0	0	0	0	0	0	0.166666667	0	0
Parnassia_palustris	0	0	0	0	0	0.016666667	0	0	0.083333333	0	0	0	0	0.666666667	0	0	0	0.25	0	0	0	0.833333333	0	0
Pedicularis_asplenifolia	0	0	0	0	0	0	0	1.5	0	0	0	0	0	0	0.125	0.75	0	0	0	0	0	0	0	0.625
Phyteuma_globulariifolium	0	0	0	0	0	0	0	0.15	0	0	0	0	0	0	0	0	0	0	0	0	0	0	0	0.15
Phyteuma_hemisphaericum	0	0	0	0	0.125	0	0	0	0	0	0	0.125	0.083333333	0	0.125	0	0	0	0.016666667	0	0.016666667	0	0	0
Phyteuma_orbiculare	0.083333333	0	0	0	0	0.166666667	0	0	0.166666667	0	0	0	0	0.1	0	0	0.166666667	0	0	0	0	0	0	0
Pimpinella_major	0.5	1.25	0	0	0	0	0	0	0.333333333	1.9	0	0	0	0	0	0	1.833333333	1	0	0.166666667	0	0	0	0
Pimpinella_saxifraga	0	0.25	0	0	0	0	0	0	0	0	0	0	0	0	0	0	0	0	0	0	0	0	0	0
Plantago_alpina	0	0	0	0	0	0.083333333	0	0	0	0	0	0	0	0	0	0	0	0	0	0	0	0	0	0
Plantago_lanceolata	3.333333333	1.25	0	0	0	0	0	0	2.166666667	3	0	0	0	0	0	0	2.916666667	2	0	0	0	0	0	0
Plantago_media	4.916666667	1	0	0	0	0	0	0	1	0.8	0.083333333	0	0	0	0	0	1.166666667	0.75	0.083333333	0	0	0	0	0
Persicaria_vivipara	0	0	0	0	0.25	0.333333333	0.875	1.25	0	0	0	0.025	0.016666667	1.916666667	1.375	1.75	0	0	0	0.083333333	0	0.833333333	0.875	0.25
Polygala_vulgaris	0.25	0	0	0	0	0	0	0	0.083333333	0	0	0	0	0	0	0	0.083333333	0	0	0	0	0	0	0
Potentilla_aurea	0.333333333	1.875	0.416666667	2.5	0.875	8.666666667	0	0	1.5	0.6	5.083333333	7.5	0.5	0.166666667	0	0	0.25	0.5	0.583333333	1.333333333	2.916666667	0.333333333	0	0
Potentilla_crantzii	0	0	0	0	0	1.333333333	0	0	0	0	0	0	0	0.083333333	0	0	0	0	0	0	0	0	0	0
Potentilla_erecta	1.166666667	0.875	0.333333333	0.166666667	0	0	0	0	1.75	0.7	0.416666667	0.5	0	0	0	0	2	0.75	0.75	0.25	0	0	0	0
Primula_minima	0	0	0	0.5	0.5	0.333333333	2.25	0.75	0	0	0	0	0.166666667	0.583333333	1.5	0.25	0	0	0	0.183333333	0.416666667	0	6.25	0.25
Primula_elatior	0.016666667	0	0	0	0	0	0	0	0	0	0	0	0	0	0	0	0.083333333	0	0	0	0	0	0	0
Prunella_vulgaris	1.166666667	2.875	0	0	0	0	0	0	0.333333333	1.7	0.666666667	0	0	0	0	0	0.416666667	0.5	0.333333333	0	0	0	0	0
Anemone_alpina	0	0	1.166666667	2.25	0.125	0.333333333	0	0	0	0.1	0.166666667	0.125	2.25	0.166666667	0	0	0	0	1.416666667	0	0.583333333	0	0	0
Anemone_vernalis	0	0	0	0	0	2.25	0	0	0	0	0	0	0	0	0	0	0	0	0	0	0	0	0	0
Pyrola_sp.	0	0	0	0	0	0	0	0	0	0	0	0	0	0	0	0	0	0	0	0	0	0.016666667	0	0
Ranunculus_acris	4.666666667	2.125	10.41666667	4.166666667	0.375	0	0	0	5.333333333	1.4	9.333333333	3.625	0.833333333	0	0	0	5	1	2.666666667	0.416666667	0.416666667	0	0	0
Ranunculus_alpestris	0	0	0	0	0	0	2.875	1.5	0	0	0	0	0	0.666666667	0	1.375	0	0	0	0	0	1.166666667	1.875	0
Ranunculus_montanus	0	0	0.333333333	2.333333333	0	0.25	1.625	0	0.083333333	1.2	0.333333333	0.25	0.083333333	3.5	0	0	0	0	0.25	1.416666667	1.25	3.166666667	0.75	0
Ranunculus_repens	0	0	0	0	0	0	0	0	0	0.3	0.166666667	0	0.166666667	0	0	0	0	0	0	0	0	0	0	0
Rhinanthus_glacialis	0	0	0	0	0	1.166666667	0	0	0	0	0	0	0	0.333333333	0	0	0	0	0	0	0	0.833333333	0	0
Rhododendron_ferrugineum	0	0	0	0.166666667	0.75	0	0	0	0	0	0	0	0.25	0	0	0	0	0	4.583333333	0.083333333	0	0	0.125	0
Rumex_alpestris	0.083333333	1.125	2.166666667	0.75	0	1.666666667	0	0	0.666666667	2.1	2.083333333	1.25	0	0	0	0	0.416666667	0.75	1.083333333	2.916666667	0.083333333	0	0	0
Rumex_alpinus	0	0	6.416666667	0	0	0	0	0	0	0.1	0.166666667	0	0	0	0	0	0	0	0	3.75	0	0	0	0
Sagina_nodosa	0.016666667	0	0	0	0	0	0	0	0	0	0.1	0	0	0	0	0	0	0	0.083333333	0	0	0	0	0
Saxifraga_aizoides	0	0	0	0	0	0	0	0	0	0	0	0	0	0	0	0.5	0	0	0	0	0.166666667	0	0	0.125
Saxifraga_androsacea	0	0	0	0	0	0	0	0	0	0	0	0	0	0.1	0	0	0	0	0	0	0	0	0	0
Saxifraga_biflora	0	0	0	0	0	0	0	0.125	0	0	0	0	0	0	0	0.625	0	0	0	0	0	0	0	1.875
Saxifraga_exarata	0	0	0	0	0	0	0	0	0	0	0	0	0	0	0	0	0	0	0	0	0	0	0	0.625
Saxifraga_oppositifolia	0	0	0	0	0	0	0	0.375	0	0	0	0	0	0	0	0.15	0	0	0	0	0	0	0	0.375
Saxifraga_paniculata	0	0	0	0	0	0.083333333	0	0	0	0	0	0	0	0	0.75	0	0	0	0	0	0	0	0.25	0
Saxifraga_retusa	0	0	0	0	0	0	0	0	0	0	0	0	0	0	0	1.5	0	0	0	0	0	0	0	3.75
Saxifraga_rotundifolia	0	0	0	0	0	0	0	0	0	0	0.016666667	0	0	0.083333333	0	0	0	0	0	0	0	0	0	0
Saxifraga_stellaris	0	0	0	0	0	0	0	0	0	0	0	0	0	0	0	0	0	0	0	0.083333333	0	0.166666667	0	0
Scabiosa_columbaria	0	0	0	0	0	0	0	0	1.333333333	0	0	0	0	0	0	0	1.5	0.25	0	0	0	0	0	0
Centaurea_jacea	0	0	0	0	0	0	0	0	0.083333333	0	0	0	0	0	0	0	0	0	0	0	0	0	0	0
Scorzoneroides_autumnalis	0.333333333	0	0.166666667	0	0	0	0	0	0.083333333	1	0.166666667	0	0	0	0	0	0	5	0	1.25	0	0	0.5	0
Scorzoneroides_helvetica	0	0	0	0	0	0	0.5	0	0	0	0	0	0	0	0	0	0	0	0.333333333	0	0	0	0	0
Silene_acaulis	0	0	0	0	0.5	0.333333333	1	17	0	0	0.166666667	0	0	0.166666667	6.75	18.75	0	0	0	0	0.166666667	0.583333333	1.375	10.625
Silene_dioica	0	0	0	0.016666667	0	0	0	0	0.5	0.1	0	0	0	0	0	0	0.416666667	0	0	0	0.1	0	0	0
Silene_nutans	0.333333333	0.375	0	0	0	0	0	0	0	0.2	0	0	0	0	0	0	0.083333333	0	0	0	0	0	0	0
Silene_vulgaris	0	0	0	0	0	0	0	0	0	0.1	0	0.125	0	0	0	0	0.083333333	0	0	0	0.166666667	0	0	0
Soldanella_pusilla	0.016666667	0	0	0.083333333	0.25	0	0.125	0	0	0.2	0.166666667	0	0.083333333	0.166666667	0	0	0	0	0.166666667	0.25	1.75	0.083333333	0.25	0
Solidago_virgaurea	0	0	0	0	0	0	0	0	0	0	0	0	0	0	0	0	0	0	0	0	0.083333333	0	0	0
Stellaria_graminea	0.083333333	0.375	0	0	0	0	0	0	0.083333333	0.1	0.016666667	0.25	0	0	0	0	0.166666667	0.25	0.016666667	0	0	0	0	0
Taraxacum_campylodes	0.5	0.625	0.416666667	0	0.25	0	0	0	0	4.1	0	0	0.25	0	0	0	0.166666667	1	0	0.083333333	0.166666667	0	0	0
Thesium_alpinum	0	0.025	0	0	0	0	0	0	0	0	0	0	0	0	0	0	0	0	0	0	0	0	0	0
Thymus_praecox	0.833333333	1.25	0	0	0.5	1.166666667	0	0	3.416666667	0.6	1.583333333	0	0.166666667	0.416666667	0	0	2.916666667	6	0.5	0.416666667	1.25	0.166666667	0	0
Traunsteinera_globosa	0	0	0	0	0	0	0.25	0	0	0	0	0	0	0	0	0	0	0	0	0	0	0	0	0
Trifolium_montanum	0	0	0	0	0	0	0	0	0	0	0	0	0	0	0	0	0	0	0	0.016666667	0	0	0	0
Trifolium_badium	0	0	0	0	0.5	0	1.75	0	0	0	0	0	0	2.083333333	0	0	0	0	0	0	0	0.583333333	0	0
Trifolium_pallescens	0	0	0	0	0	0.016666667	0.125	0	0	0	0	0	0	0.083333333	0	0	0	0	0	0	0	0.083333333	0	0
Trifolium_pratense	4.166666667	3.625	2.166666667	1.5	0.375	9.333333333	3.375	0	2.166666667	3.2	2.083333333	1.375	0.166666667	4	0	0	1.5	4.75	2.166666667	0.666666667	0.25	3.083333333	0	0
Trifolium_repens	1.5	0.375	2	0.833333333	0.25	0	0	0	0.166666667	4.5	1.75	1	0	0	0	0	0.5	1.5	0.916666667	0.333333333	0.083333333	0	0	0
Trollius_europaeus	0	0	0.833333333	0.166666667	0	0	0	0	0	0	0.166666667	0	0	0	0	0	0	0	0.333333333	0.166666667	0	0	0	0
Tussilago_farfara	0	0	0	0	0	0	0	0	0	0	0	0	0	0	0	0	0	0	0	0	0	0.166666667	0	0
Urtica_dioica	0	0	0	0	0	0	0	0	0	0.2	0	0	0	0	0	0	0	0	0	0	0	0	0	0
Vaccinium_uliginosum	0	0	0	0	0	0	0	0	0	0	0	0	0.083333333	0	0	0	0	0	0	0	0	0	0	0
Vaccinium_myrtillus	0	0.625	0	4.916666667	14.125	0	0	0	2.833333333	0.8	0.333333333	21.875	7.25	0	0	0	0.583333333	0	12.83333333	6.5	20.18333333	0	0	0
Vaccinium_vitis_idaea	0	0	0	8	6.775	0	0	0	1.5	0.2	0	14	9.166666667	1.166666667	0.75	0	0.333333333	0	1.166666667	0.916666667	2.833333333	0	0	0
Veratrum_album	0	0	0.416666667	0	0	0	0	0	0	0.2	1.666666667	0	0	0	0	0	0	0	1.833333333	0.416666667	0.1	0	0	0
Veronica_alpina	0	0	0	0	0	0.083333333	0	0	0	0	0.083333333	0	0	0	0	0	0	0	0	0.166666667	0	0.166666667	0	0
Veronica_aphylla	0	0	0	0	0	0	0.375	0	0	0	0	0	0	0	0	0	0	0	0	0	0	0	0	0
Veronica_beccabunga	0	0	0	0	0	0	0	0	0	0	0	0	0.166666667	0	0	0	0	0	0	0	0	0	0	0
Veronica_bellidioides	0	0	0	0	0	0.166666667	0	0	0	0	0	0	0	0	0	0	0	0	0	0	0	0	0	0
Veronica_chamaedrys	0.22	0.875	0.583333333	0	0	0	0	0	0.5	1.1	0.416666667	0	0	0	0	0	0.166666667	0.5	0.5	0.083333333	0	0	0	0
Veronica_fruticans	0	0	0	0	0	0	0	0	0	0	0	0	0	0	0	0	0	0	0	0	0	0	0.025	0
Veronica_officinalis	0.016666667	0.25	0.016666667	0	0	0	0	0	0.333333333	0	0	0	0	0	0	0	0.166666667	0	0	0	0	0	0	0
Veronica_serpyllifolia	0	0	0.333333333	0	0	0	0	0	0	0	0.166666667	0	0	0	0	0	0	0	0.016666667	0	0	0	0	0
Viola_biflora	0	0.375	0.5	0.083333333	0	0	0	0	0	0	0.5	0.125	0.25	0	0	0	0	0	0.266666667	0.416666667	0.5	0	0	0
Viola_canina	0	0	0.083333333	0	0	0	0	0	0	0	0.083333333	0	0	0	0	0	0.016666667	0	0	0	0	0	0	0
Viola_odorata	0	0	0	0.083333333	0	0	0	0	0	0	0	0	0	0	0	0	0	0	0	0	0	0	0	0
